300 1.48316 1.6665
302 1.48354 1.67078
304 1.4838 1.67512
306 1.48395 1.67951
308 1.48399 1.68394
310 1.48393 1.68844
312 1.48377 1.69298
314 1.48351 1.69758
316 1.48317 1.70223
318 1.48275 1.70694
320 1.48225 1.71171
322 1.48168 1.71653
324 1.48103 1.7214
326 1.48033 1.72633
328 1.47956 1.73131
330 1.47874 1.73634
332 1.47787 1.74142
334 1.47696 1.74656
336 1.47601 1.75173
338 1.47502 1.75696
340 1.474 1.76222
342 1.47296 1.76753
344 1.47189 1.77287
346 1.4708 1.77825
348 1.4697 1.78366
350 1.46859 1.78909
352 1.46747 1.79455
354 1.46635 1.80003
356 1.46523 1.80552
358 1.46411 1.81102
360 1.46301 1.81653
362 1.46191 1.82203
364 1.46082 1.82753
366 1.45975 1.83302
368 1.4587 1.83849
370 1.45767 1.84394
372 1.45666 1.84935
374 1.45567 1.85473
376 1.45471 1.86006
378 1.45377 1.86534
380 1.45286 1.87056
382 1.45197 1.87571
384 1.45111 1.88078
386 1.45028 1.88577
388 1.44946 1.89066
390 1.44867 1.89545
392 1.4479 1.90013
394 1.44714 1.90468
396 1.4464 1.90909
398 1.44566 1.91337
400 1.44493 1.91749
402 1.4442 1.92144
404 1.44345 1.92522
406 1.44269 1.92882
408 1.44191 1.93222
410 1.44109 1.9354
412 1.44024 1.93838
414 1.43932 1.94112
416 1.43834 1.94362
418 1.43729 1.94587
420 1.43614 1.94786
422 1.43488 1.94958
424 1.43349 1.95102
426 1.43196 1.95217
428 1.43026 1.95302
430 1.42839 1.95356
432 1.4263 1.9538
434 1.42399 1.95371
436 1.42141 1.95331
438 1.41856 1.95258
440 1.4154 1.95152
442 1.4119 1.95013
444 1.40804 1.94842
446 1.40377 1.94638
448 1.39907 1.94403
450 1.3939 1.94137
452 1.38823 1.93842
454 1.38202 1.93518
456 1.37524 1.93167
458 1.36784 1.92792
460 1.3598 1.92395
462 1.35108 1.91978
464 1.34164 1.91545
466 1.33144 1.91099
468 1.32045 1.90645
470 1.30864 1.90185
472 1.29598 1.89726
474 1.28244 1.89272
476 1.26799 1.88829
478 1.25262 1.88404
480 1.2363 1.88001
482 1.21904 1.87629
484 1.20081 1.87295
486 1.18162 1.87006
488 1.16148 1.86769
490 1.14039 1.86593
492 1.11839 1.86486
494 1.0955 1.86456
496 1.07177 1.86511
498 1.04723 1.86659
500 1.02195 1.86906
502 0.996002 1.87262
504 0.969451 1.87731
506 0.942385 1.8832
508 0.914897 1.89034
510 0.887085 1.89876
512 0.859052 1.9085
514 0.830907 1.91958
516 0.802756 1.93198
518 0.77471 1.94572
520 0.746875 1.96076
522 0.719354 1.97708
524 0.692243 1.99463
526 0.665632 2.01335
528 0.639602 2.03319
530 0.614225 2.05407
532 0.589563 2.07592
534 0.565666 2.09866
536 0.542575 2.12221
538 0.520322 2.14648
540 0.498927 2.17141
542 0.478405 2.1969
544 0.458759 2.22288
546 0.439989 2.24929
548 0.422085 2.27604
550 0.405034 2.30309
552 0.388819 2.33037
554 0.373419 2.35782
556 0.35881 2.3854
558 0.344966 2.41306
560 0.331859 2.44076
562 0.31946 2.46847
564 0.307741 2.49615
566 0.296672 2.52378
568 0.286223 2.55132
570 0.276365 2.57877
572 0.26707 2.60609
574 0.258309 2.63327
576 0.250056 2.66031
578 0.242284 2.68718
580 0.234967 2.71388
582 0.228082 2.74039
584 0.221605 2.76672
586 0.215514 2.79286
588 0.209787 2.8188
590 0.204404 2.84454
592 0.199346 2.87008
594 0.194594 2.89542
596 0.190132 2.92055
598 0.185942 2.94549
600 0.18201 2.97022
602 0.17832 2.99476
604 0.174859 3.0191
606 0.171614 3.04324
608 0.168571 3.06719
610 0.165721 3.09095
612 0.163051 3.11453
614 0.160551 3.13792
616 0.158212 3.16113
618 0.156024 3.18417
620 0.153979 3.20703
622 0.152069 3.22972
624 0.150285 3.25225
626 0.148622 3.27462
628 0.147071 3.29682
630 0.145627 3.31887
632 0.144283 3.34077
634 0.143035 3.36253
636 0.141876 3.38414
638 0.140802 3.4056
640 0.139808 3.42694
642 0.138889 3.44813
644 0.138042 3.4692
646 0.137262 3.49014
648 0.136546 3.51096
650 0.135891 3.53165
652 0.135292 3.55223
654 0.134748 3.57269
656 0.134254 3.59304
658 0.133809 3.61329
660 0.13341 3.63342
662 0.133054 3.65346
664 0.132739 3.67339
666 0.132463 3.69323
668 0.132225 3.71297
670 0.132021 3.73261
672 0.131851 3.75217
674 0.131712 3.77164
676 0.131603 3.79102
678 0.131522 3.81032
680 0.131469 3.82954
682 0.131441 3.84868
684 0.131438 3.86773
686 0.131459 3.88672
688 0.131501 3.90563
690 0.131564 3.92447
692 0.131648 3.94324
694 0.131751 3.96194
696 0.131872 3.98057
698 0.13201 3.99914
700 0.132165 4.01764
702 0.132336 4.03609
704 0.132523 4.05447
706 0.132723 4.0728
708 0.132938 4.09106
710 0.133166 4.10927
712 0.133407 4.12743
714 0.13366 4.14553
716 0.133924 4.16358
718 0.1342 4.18158
720 0.134487 4.19953
722 0.134784 4.21743
724 0.135091 4.23528
726 0.135407 4.25309
728 0.135733 4.27085
730 0.136068 4.28857
732 0.136411 4.30624
734 0.136763 4.32388
736 0.137122 4.34147
738 0.137489 4.35902
740 0.137864 4.37653
742 0.138246 4.394
744 0.138634 4.41143
746 0.13903 4.42883
748 0.139432 4.44619
750 0.139841 4.46351
752 0.140255 4.4808
754 0.140676 4.49806
756 0.141102 4.51528
758 0.141534 4.53247
760 0.141972 4.54963
762 0.142415 4.56675
764 0.142863 4.58385
766 0.143316 4.60091
768 0.143775 4.61795
770 0.144238 4.63496
772 0.144706 4.65194
774 0.145179 4.66889
776 0.145656 4.68581
778 0.146138 4.70271
780 0.146624 4.71958
782 0.147115 4.73643
784 0.147609 4.75325
786 0.148108 4.77005
788 0.148611 4.78682
790 0.149119 4.80357
792 0.14963 4.82029
794 0.150145 4.837
796 0.150664 4.85368
798 0.151186 4.87034
800 0.151713 4.88697
802 0.152243 4.90359
804 0.152777 4.92018
806 0.153314 4.93676
808 0.153855 4.95331
810 0.1544 4.96985
812 0.154948 4.98637
814 0.1555 5.00286
816 0.156055 5.01934
818 0.156613 5.0358
820 0.157175 5.05224
822 0.15774 5.06867
824 0.158309 5.08507
826 0.158881 5.10146
828 0.159456 5.11784
830 0.160035 5.1342
832 0.160616 5.15054
834 0.161201 5.16686
836 0.161789 5.18317
838 0.162381 5.19946
840 0.162975 5.21574
842 0.163573 5.23201
844 0.164174 5.24826
846 0.164778 5.26449
848 0.165385 5.28071
850 0.165995 5.29692
852 0.166608 5.31311
854 0.167225 5.32929
856 0.167844 5.34546
858 0.168467 5.36161
860 0.169092 5.37775
862 0.169721 5.39388
864 0.170353 5.41
866 0.170987 5.4261
868 0.171625 5.44219
870 0.172266 5.45827
872 0.172909 5.47434
874 0.173556 5.49039
876 0.174206 5.50644
878 0.174859 5.52247
880 0.175514 5.5385
882 0.176173 5.55451
884 0.176835 5.57051
886 0.177499 5.5865
888 0.178167 5.60248
890 0.178837 5.61845
892 0.179511 5.63441
894 0.180187 5.65037
896 0.180867 5.66631
898 0.181549 5.68224
900 0.182234 5.69816
902 0.182923 5.71407
904 0.183614 5.72998
906 0.184308 5.74587
908 0.185005 5.76176
910 0.185705 5.77764
912 0.186408 5.7935
914 0.187114 5.80936
916 0.187823 5.82522
918 0.188534 5.84106
920 0.189249 5.8569
922 0.189967 5.87272
924 0.190687 5.88854
926 0.191411 5.90436
928 0.192137 5.92016
930 0.192866 5.93596
932 0.193598 5.95175
934 0.194333 5.96753
936 0.195072 5.9833
938 0.195812 5.99907
940 0.196556 6.01483
942 0.197303 6.03058
944 0.198053 6.04633
946 0.198805 6.06207
948 0.199561 6.07781
950 0.200319 6.09353
952 0.20108 6.10925
954 0.201845 6.12497
956 0.202612 6.14068
958 0.203382 6.15638
960 0.204155 6.17207
962 0.204931 6.18776
964 0.205709 6.20345
966 0.206491 6.21913
968 0.207276 6.2348
970 0.208063 6.25046
972 0.208854 6.26613
974 0.209647 6.28178
976 0.210443 6.29743
978 0.211242 6.31308
980 0.212044 6.32872
982 0.212849 6.34435
984 0.213657 6.35998
986 0.214468 6.3756
988 0.215281 6.39122
990 0.216098 6.40684
992 0.216917 6.42245
994 0.21774 6.43805
996 0.218565 6.45365
998 0.219393 6.46925
1000 0.220224 6.48484
1002 0.221058 6.50042
1004 0.221895 6.516
1006 0.222734 6.53158
1008 0.223577 6.54715
1010 0.224423 6.56272
1012 0.225271 6.57829
1014 0.226122 6.59385
1016 0.226977 6.6094
1018 0.227834 6.62496
1020 0.228694 6.64051
1022 0.229557 6.65605
1024 0.230423 6.67159
1026 0.231291 6.68713
1028 0.232163 6.70266
1030 0.233038 6.71819
1032 0.233915 6.73371
1034 0.234795 6.74924
1036 0.235679 6.76476
1038 0.236565 6.78027
1040 0.237454 6.79578
1042 0.238346 6.81129
1044 0.239241 6.8268
1046 0.240138 6.8423
1048 0.241039 6.8578
1050 0.241943 6.87329
1052 0.242849 6.88878
1054 0.243758 6.90427
1056 0.244671 6.91976
1058 0.245586 6.93524
1060 0.246504 6.95072
1062 0.247425 6.9662
1064 0.248349 6.98167
1066 0.249275 6.99714
1068 0.250205 7.01261
1070 0.251137 7.02808
1072 0.252073 7.04354
1074 0.253011 7.059
1076 0.253952 7.07446
1078 0.254896 7.08992
1080 0.255843 7.10537
1082 0.256793 7.12082
1084 0.257746 7.13627
1086 0.258702 7.15171
1088 0.25966 7.16716
1090 0.260622 7.1826
1092 0.261586 7.19804
1094 0.262553 7.21347
1096 0.263524 7.22891
1098 0.264497 7.24434
1100 0.265473 7.25977
1102 0.266452 7.2752
1104 0.267433 7.29062
1106 0.268418 7.30605
1108 0.269405 7.32147
1110 0.270396 7.33689
1112 0.271389 7.35231
1114 0.272386 7.36772
1116 0.273385 7.38314
1118 0.274387 7.39855
1120 0.275392 7.41396
1122 0.276399 7.42937
1124 0.27741 7.44478
1126 0.278424 7.46018
1128 0.27944 7.47558
1130 0.28046 7.49099
1132 0.281482 7.50639
1134 0.282507 7.52179
1136 0.283535 7.53718
1138 0.284566 7.55258
1140 0.2856 7.56797
1142 0.286637 7.58337
1144 0.287677 7.59876
1146 0.288719 7.61415
1148 0.289765 7.62954
1150 0.290813 7.64493
1152 0.291864 7.66031
1154 0.292919 7.6757
1156 0.293976 7.69108
1158 0.295036 7.70647
1160 0.296099 7.72185
1162 0.297164 7.73723
1164 0.298233 7.75261
1166 0.299305 7.76798
1168 0.300379 7.78336
1170 0.301457 7.79874
1172 0.302537 7.81411
1174 0.30362 7.82949
1176 0.304706 7.84486
1178 0.305795 7.86023
1180 0.306887 7.8756
1182 0.307982 7.89097
1184 0.309079 7.90634
1186 0.31018 7.92171
1188 0.311284 7.93708
1190 0.31239 7.95245
1192 0.313499 7.96781
1194 0.314612 7.98318
1196 0.315727 7.99855
1198 0.316845 8.01391
1200 0.317966 8.02927
1202 0.319089 8.04464
1204 0.320216 8.06
1206 0.321346 8.07536
1208 0.322478 8.09072
1210 0.323614 8.10608
1212 0.324752 8.12144
1214 0.325894 8.1368
1216 0.327038 8.15216
1218 0.328185 8.16752
1220 0.329335 8.18288
1222 0.330488 8.19824
1224 0.331644 8.2136
1226 0.332802 8.22895
1228 0.333964 8.24431
1230 0.335129 8.25967
1232 0.336296 8.27502
1234 0.337467 8.29038
1236 0.33864 8.30573
1238 0.339816 8.32109
1240 0.340995 8.33645
1242 0.342177 8.3518
1244 0.343362 8.36716
1246 0.34455 8.38251
1248 0.345741 8.39787
1250 0.346935 8.41322
1252 0.348132 8.42857
1254 0.349331 8.44393
1256 0.350534 8.45928
1258 0.351739 8.47464
1260 0.352947 8.48999
1262 0.354159 8.50535
1264 0.355373 8.5207
1266 0.35659 8.53606
1268 0.35781 8.55141
1270 0.359033 8.56676
1272 0.360259 8.58212
1274 0.361488 8.59747
1276 0.36272 8.61283
1278 0.363955 8.62818
1280 0.365192 8.64354
1282 0.366433 8.6589
1284 0.367676 8.67425
1286 0.368923 8.68961
1288 0.370172 8.70496
1290 0.371425 8.72032
1292 0.37268 8.73568
1294 0.373938 8.75103
1296 0.375199 8.76639
1298 0.376463 8.78175
1300 0.37773 8.79711
1302 0.379 8.81247
1304 0.380273 8.82782
1306 0.381549 8.84318
1308 0.382828 8.85854
1310 0.38411 8.8739
1312 0.385394 8.88926
1314 0.386682 8.90462
1316 0.387973 8.91999
1318 0.389266 8.93535
1320 0.390563 8.95071
1322 0.391862 8.96607
1324 0.393165 8.98144
1326 0.39447 8.9968
1328 0.395779 9.01217
1330 0.39709 9.02753
1332 0.398404 9.0429
1334 0.399721 9.05827
1336 0.401042 9.07363
1338 0.402365 9.089
1340 0.403691 9.10437
1342 0.40502 9.11974
1344 0.406352 9.13511
1346 0.407687 9.15048
1348 0.409025 9.16585
1350 0.410366 9.18122
1352 0.41171 9.1966
1354 0.413057 9.21197
1356 0.414407 9.22734
1358 0.41576 9.24272
1360 0.417116 9.2581
1362 0.418475 9.27347
1364 0.419837 9.28885
1366 0.421201 9.30423
1368 0.422569 9.31961
1370 0.42394 9.33499
1372 0.425314 9.35037
1374 0.426691 9.36575
1376 0.42807 9.38114
1378 0.429453 9.39652
1380 0.430839 9.41191
1382 0.432228 9.42729
1384 0.433619 9.44268
1386 0.435014 9.45807
1388 0.436412 9.47346
1390 0.437813 9.48885
1392 0.439216 9.50424
1394 0.440623 9.51963
1396 0.442033 9.53503
1398 0.443446 9.55042
1400 0.444862 9.56582
1402 0.44628 9.58122
1404 0.447702 9.59661
1406 0.449127 9.61201
1408 0.450555 9.62741
1410 0.451986 9.64282
1412 0.45342 9.65822
1414 0.454857 9.67362
1416 0.456297 9.68903
1418 0.45774 9.70443
1420 0.459186 9.71984
1422 0.460635 9.73525
1424 0.462087 9.75066
1426 0.463542 9.76607
1428 0.465 9.78149
1430 0.466461 9.7969
1432 0.467925 9.81231
1434 0.469393 9.82773
1436 0.470863 9.84315
1438 0.472336 9.85857
1440 0.473813 9.87399
1442 0.475292 9.88941
1444 0.476775 9.90484
1446 0.47826 9.92026
1448 0.479749 9.93569
1450 0.481241 9.95112
1452 0.482735 9.96654
1454 0.484233 9.98198
1456 0.485734 9.99741
1458 0.487238 10.0128
1460 0.488745 10.0283
1462 0.490255 10.0437
1464 0.491768 10.0592
1466 0.493284 10.0746
1468 0.494803 10.09
1470 0.496326 10.1055
1472 0.497851 10.1209
1474 0.49938 10.1364
1476 0.500911 10.1518
1478 0.502446 10.1673
1480 0.503984 10.1827
1482 0.505525 10.1982
1484 0.507069 10.2136
1486 0.508616 10.2291
1488 0.510166 10.2445
1490 0.511719 10.26
1492 0.513276 10.2755
1494 0.514835 10.2909
1496 0.516398 10.3064
1498 0.517963 10.3218
1500 0.519532 10.3373
1502 0.521104 10.3528
1504 0.522679 10.3683
1506 0.524257 10.3837
1508 0.525838 10.3992
1510 0.527423 10.4147
1512 0.52901 10.4302
1514 0.530601 10.4456
1516 0.532195 10.4611
1518 0.533792 10.4766
1520 0.535392 10.4921
1522 0.536995 10.5076
1524 0.538601 10.5231
1526 0.54021 10.5385
1528 0.541823 10.554
1530 0.543439 10.5695
1532 0.545058 10.585
1534 0.54668 10.6005
1536 0.548305 10.616
1538 0.549933 10.6315
1540 0.551565 10.647
1542 0.553199 10.6625
1544 0.554837 10.6781
1546 0.556478 10.6936
1548 0.558123 10.7091
1550 0.55977 10.7246
1552 0.56142 10.7401
1554 0.563074 10.7556
1556 0.564731 10.7711
1558 0.566391 10.7867
1560 0.568054 10.8022
1562 0.569721 10.8177
1564 0.57139 10.8332
1566 0.573063 10.8488
1568 0.574739 10.8643
1570 0.576418 10.8798
1572 0.578101 10.8954
1574 0.579786 10.9109
1576 0.581475 10.9265
1578 0.583167 10.942
1580 0.584863 10.9575
1582 0.586561 10.9731
1584 0.588263 10.9886
1586 0.589968 11.0042
1588 0.591676 11.0197
1590 0.593387 11.0353
1592 0.595102 11.0509
1594 0.59682 11.0664
1596 0.598541 11.082
1598 0.600265 11.0975
1600 0.601992 11.1131
1602 0.603723 11.1287
1604 0.605457 11.1443
1606 0.607195 11.1598
1608 0.608935 11.1754
1610 0.610679 11.191
1612 0.612426 11.2066
1614 0.614176 11.2221
1616 0.61593 11.2377
1618 0.617687 11.2533
1620 0.619447 11.2689
1622 0.62121 11.2845
1624 0.622977 11.3001
1626 0.624747 11.3157
1628 0.62652 11.3313
1630 0.628296 11.3469
1632 0.630076 11.3625
1634 0.631859 11.3781
1636 0.633646 11.3937
1638 0.635435 11.4093
1640 0.637228 11.4249
1642 0.639025 11.4405
1644 0.640824 11.4562
1646 0.642627 11.4718
1648 0.644433 11.4874
1650 0.646243 11.503
1652 0.648056 11.5187
1654 0.649872 11.5343
1656 0.651692 11.5499
1658 0.653514 11.5656
1660 0.655341 11.5812
1662 0.65717 11.5968
1664 0.659003 11.6125
1666 0.660839 11.6281
1668 0.662679 11.6438
1670 0.664521 11.6594
1672 0.666368 11.6751
1674 0.668217 11.6907
1676 0.67007 11.7064
1678 0.671927 11.7221
1680 0.673786 11.7377
1682 0.675649 11.7534
1684 0.677516 11.7691
1686 0.679386 11.7847
1688 0.681259 11.8004
1690 0.683135 11.8161
1692 0.685015 11.8318
1694 0.686899 11.8474
1696 0.688785 11.8631
1698 0.690675 11.8788
1700 0.692569 11.8945
1702 0.694466 11.9102
1704 0.696366 11.9259
1706 0.69827 11.9416
1708 0.700177 11.9573
1710 0.702088 11.973
1712 0.704002 11.9887
1714 0.705919 12.0044
1716 0.70784 12.0201
1718 0.709764 12.0358
1720 0.711692 12.0516
1722 0.713623 12.0673
1724 0.715558 12.083
1726 0.717496 12.0987
1728 0.719437 12.1145
1730 0.721382 12.1302
1732 0.723331 12.1459
1734 0.725283 12.1617
1736 0.727238 12.1774
1738 0.729197 12.1932
1740 0.731159 12.2089
1742 0.733125 12.2247
1744 0.735094 12.2404
1746 0.737067 12.2562
1748 0.739043 12.2719
1750 0.741023 12.2877
1752 0.743006 12.3034
1754 0.744992 12.3192
1756 0.746983 12.335
1758 0.748976 12.3507
1760 0.750974 12.3665
1762 0.752974 12.3823
1764 0.754978 12.3981
1766 0.756986 12.4139
1768 0.758998 12.4297
1770 0.761012 12.4454
1772 0.763031 12.4612
1774 0.765053 12.477
1776 0.767078 12.4928
1778 0.769107 12.5086
1780 0.771139 12.5244
1782 0.773175 12.5402
1784 0.775215 12.5561
1786 0.777258 12.5719
1788 0.779305 12.5877
1790 0.781355 12.6035
1792 0.783409 12.6193
1794 0.785467 12.6352
1796 0.787528 12.651
1798 0.789592 12.6668
1800 0.79166 12.6827
1802 0.793732 12.6985
1804 0.795808 12.7143
1806 0.797887 12.7302
1808 0.799969 12.746
1810 0.802055 12.7619
1812 0.804145 12.7777
1814 0.806239 12.7936
1816 0.808336 12.8095
1818 0.810436 12.8253
1820 0.812541 12.8412
1822 0.814649 12.8571
1824 0.81676 12.8729
1826 0.818876 12.8888
1828 0.820994 12.9047
1830 0.823117 12.9206
1832 0.825243 12.9365
1834 0.827373 12.9524
1836 0.829506 12.9683
1838 0.831644 12.9842
1840 0.833784 13.0001
1842 0.835929 13.016
1844 0.838077 13.0319
1846 0.840229 13.0478
1848 0.842385 13.0637
1850 0.844544 13.0796
1852 0.846707 13.0955
1854 0.848873 13.1114
1856 0.851044 13.1274
1858 0.853218 13.1433
1860 0.855396 13.1592
1862 0.857577 13.1752
1864 0.859762 13.1911
1866 0.861951 13.2071
1868 0.864144 13.223
1870 0.866341 13.239
1872 0.868541 13.2549
1874 0.870745 13.2709
1876 0.872952 13.2868
1878 0.875164 13.3028
1880 0.877379 13.3188
1882 0.879598 13.3347
1884 0.881821 13.3507
1886 0.884047 13.3667
1888 0.886277 13.3827
1890 0.888511 13.3986
1892 0.890749 13.4146
1894 0.892991 13.4306
1896 0.895236 13.4466
1898 0.897485 13.4626
1900 0.899738 13.4786
1902 0.901995 13.4946
1904 0.904256 13.5106
1906 0.90652 13.5266
1908 0.908789 13.5427
1910 0.911061 13.5587
1912 0.913337 13.5747
1914 0.915617 13.5907
1916 0.9179 13.6068
1918 0.920188 13.6228
1920 0.922479 13.6388
1922 0.924774 13.6549
1924 0.927073 13.6709
1926 0.929376 13.687
1928 0.931683 13.703
1930 0.933994 13.7191
1932 0.936308 13.7351
1934 0.938627 13.7512
1936 0.940949 13.7673
1938 0.943275 13.7833
1940 0.945605 13.7994
1942 0.947939 13.8155
1944 0.950277 13.8316
1946 0.952619 13.8477
1948 0.954965 13.8637
1950 0.957315 13.8798
1952 0.959668 13.8959
1954 0.962026 13.912
1956 0.964388 13.9281
1958 0.966753 13.9442
1960 0.969122 13.9604
1962 0.971496 13.9765
1964 0.973873 13.9926
1966 0.976254 14.0087
1968 0.97864 14.0248
1970 0.981029 14.041
1972 0.983422 14.0571
1974 0.985819 14.0732
1976 0.98822 14.0894
1978 0.990626 14.1055
1980 0.993035 14.1217
1982 0.995448 14.1378
1984 0.997865 14.154
1986 1.00029 14.1701
1988 1.00271 14.1863
1990 1.00514 14.2025
1992 1.00757 14.2187
1994 1.01001 14.2348
1996 1.01245 14.251
1998 1.0149 14.2672
2000 1.01735 14.2834
