300	0.401295773	0.892218536
302	0.340470999	0.931497117
304	0.280445297	0.970258527
306	0.221081501	1.008954501
308	0.161823713	1.049500549
310	0.103333258	1.089523974
312	0.044911695	1.129464059
314	-0.014239261	1.169829932
316	-0.072641751	1.209682287
318	-0.132587799	1.249625769
320	-0.194324367	1.289724601
322	-0.255294004	1.329326691
324	-0.319885626	1.370240962
326	-0.386252266	1.411710003
328	-0.45180658	1.45267412
330	-0.523199882	1.497272561
332	-0.595522988	1.542444815
334	-0.666977705	1.587078444
336	-0.746217107	1.639666603
338	-0.825018579	1.692128079
340	-0.903673781	1.745319979
342	-0.988167645	1.809725699
344	-1.07167113	1.87337727
346	-1.155287642	1.940400462
348	-1.241037811	2.018421513
350	-1.325805614	2.095552772
352	-1.409909222	2.178632941
354	-1.493487805	2.270363932
356	-1.576116345	2.361055841
358	-1.656902893	2.459930428
360	-1.736120264	2.564556934
362	-1.814461922	2.668023058
364	-1.889284918	2.781778508
366	-1.962327689	2.898522058
368	-2.034555399	3.013984608
370	-2.101223624	3.141586616
372	-2.166605147	3.269546206
374	-2.230907837	3.39670679
376	-2.287693367	3.535781017
378	-2.343865538	3.673370654
380	-2.397895267	3.812075785
382	-2.445392752	3.959381071
384	-2.492363066	4.105179585
386	-2.536233281	4.254096589
388	-2.574977645	4.409740174
390	-2.613331618	4.563749194
392	-2.647039265	4.723827299
394	-2.676488571	4.889459506
396	-2.705605898	5.053431597
398	-2.727186791	5.227004776
400	-2.744975826	5.404251787
402	-2.76259664	5.5797552
404	-2.7675268	5.76914042
406	-2.769912123	5.959863
408	-2.772266724	6.148668552
410	-2.751499045	6.354601721
412	-2.730634185	6.55878851
414	-2.705115955	6.762669149
416	-2.651235276	6.974333748
418	-2.597848228	7.183952723
420	-2.534895924	7.390721284
422	-2.449099075	7.593459113
424	-2.364093739	7.794268145
426	-2.268350512	7.989054781
428	-2.159923805	8.177098349
430	-2.052412871	8.363411691
432	-1.932882474	8.542414323
434	-1.806291902	8.716319227
436	-1.680847686	8.888593597
438	-1.540825892	9.051300939
440	-1.397434874	9.21023439
442	-1.255405653	9.3677259
444	-1.096296634	9.511546527
446	-0.937221864	9.653213281
448	-0.77810817	9.79201125
450	-0.604602742	9.913322465
452	-0.432564847	10.03358665
454	-0.259375302	10.14761237
456	-0.0792141	10.24453853
458	0.099367464	10.34059441
460	0.278143698	10.42789486
462	0.458148946	10.50263419
464	0.636507512	10.57673534
466	0.814330894	10.6411719
468	0.99135445	10.69807939
470	1.166904279	10.75450092
472	1.341718147	10.79989067
474	1.515309142	10.84082937
476	1.687427347	10.88139632
478	1.857330132	10.90952847
480	2.025754285	10.93567424
482	2.192608767	10.96120955
484	2.355054009	10.97519055
486	2.51622754	10.98902552
488	2.675314128	11.00108118
490	2.829702299	11.0058191
492	2.982857752	11.01057978
494	3.133417907	11.01317467
496	3.280158879	11.01183871
498	3.425727612	11.01049243
500	3.568706803	11.007541
502	3.709052982	11.002936
504	3.848337636	10.99836089
506	3.986143128	10.99337674
508	4.122843939	10.98819211
510	4.258382827	10.98304088
512	4.396673952	10.97818732
514	4.534787091	10.9734387
516	4.671718594	10.96871552
518	4.817671229	10.96070566
520	4.962744301	10.95258977
522	5.108169546	10.94311312
524	5.262421478	10.92361793
526	5.415565848	10.90430831
528	5.56929155	10.87992828
530	5.726305516	10.84271689
532	5.882137119	10.80577068
534	6.036087495	10.76047434
536	6.188079761	10.70459996
538	6.338882519	10.64914308
540	6.48409146	10.58429588
542	6.625289761	10.51352576
544	6.765380553	10.4431841
546	6.897212684	10.36455933
548	7.025753595	10.28368107
550	7.153425291	10.20338671
552	7.271930663	10.11592724
554	7.388830596	10.02834067
556	7.504325004	9.940898048
558	7.611562392	9.84694235
560	7.717986288	9.753706575
562	7.821692078	9.659336983
564	7.917776184	9.559543656
566	8.013247575	9.460449497
568	8.103726812	9.359655872
570	8.186812219	9.255696962
572	8.269346834	9.152431035
574	8.344990522	9.048449049
576	8.414953193	8.943907308
578	8.484434673	8.840104614
580	8.546892228	8.736933562
582	8.606240156	8.634429944
584	8.665193354	8.532674748
586	8.717970909	8.43112329
588	8.769469795	8.330222074
590	8.82047672	8.229909713
592	8.864693795	8.12802752
594	8.908604451	8.026928562
596	8.950691049	7.925953532
598	8.98544165	7.823716229
600	9.019901533	7.722171277
602	9.050839421	7.621156432
604	9.074786262	7.520469846
606	9.098517854	7.420476019
608	9.117370677	7.322281654
610	9.131088	7.225966
612	9.144705964	7.130259448
614	9.15296851	7.037747262
616	9.158343777	6.947266236
618	9.163647594	6.857330172
620	9.163493879	6.771562326
622	9.162089779	6.68729346
624	9.160613418	6.603556234
626	9.153672066	6.524887755
628	9.14650329	6.44696807
630	9.13878062	6.370179484
632	9.126610412	6.298764838
634	9.114508589	6.227772253
636	9.101460416	6.158926367
638	9.085678089	6.094975056
640	9.070006969	6.031432267
642	9.053486326	5.971039414
644	9.03574729	5.914631962
646	9.018160729	5.858581107
648	9.000241286	5.806385133
650	8.982119629	5.756945876
652	8.964111374	5.707810542
654	8.946337981	5.662766117
656	8.928788333	5.619300716
658	8.911366933	5.576108376
660	8.89472972	5.537017306
662	8.87818718	5.498559786
664	8.861919349	5.460575449
666	8.846708153	5.426220867
668	8.831580412	5.392066941
670	8.816813221	5.358790797
672	8.803111041	5.328162644
674	8.789436549	5.297691782
676	8.776365971	5.268413764
678	8.76430983	5.240999318
680	8.752281005	5.213737101
682	8.741194867	5.18786954
684	8.730895781	5.163234905
686	8.720629513	5.138724743
688	8.711545115	5.11568529
690	8.703049735	5.093383088
692	8.694587061	5.071197795
694	8.687630242	5.050484754
696	8.681028394	5.030147317
698	8.674397657	5.009904064
700	8.669685936	4.991041485
702	8.66500739	4.972278391
704	8.660649522	4.95376282
706	8.657964082	4.93606095
708	8.655306111	4.918472369
710	8.65330171	4.901096561
712	8.652630578	4.884071441
714	8.651928177	4.867127634
716	8.652117928	4.850219779
718	8.653330173	4.833340982
720	8.654506801	4.816552657
722	8.656658443	4.799466217
724	8.659351981	4.782241187
726	8.662006981	4.765110495
728	8.665652411	4.747351082
730	8.669441923	4.729472092
732	8.673252274	4.711701319
734	8.677551578	4.692958215
736	8.681944747	4.674283208
738	8.68626143	4.655581343
740	8.690769585	4.636039866
742	8.695293978	4.616611748
744	8.699703569	4.597044461
746	8.703907061	4.576921864
748	8.708063685	4.556904347
750	8.712105654	4.536742907
752	8.715809859	4.516293374
754	8.719467123	4.495949978
756	8.72280577	4.475505257
758	8.72594019	4.455019917
760	8.728968836	4.434621075
762	8.731584871	4.414248531
764	8.734033599	4.393955109
766	8.736439947	4.37375775
768	8.738397713	4.353746943
770	8.740249049	4.333836848
772	8.742115949	4.314055981
774	8.743502475	4.294609243
776	8.744852174	4.275247581
778	8.74614288	4.256068208
780	8.747200588	4.237274089
782	8.748220287	4.218577183
784	8.749231194	4.200131001
786	8.750142911	4.182055119
788	8.75102229	4.16405784
790	8.751881097	4.146371386
792	8.752724189	4.128977234
794	8.753598343	4.111668697
796	8.754575179	4.094697133
798	8.755621588	4.077927117
800	8.756638028	4.061234401
802	8.757896042	4.04483123
804	8.759179994	4.028542282
806	8.760433424	4.012335941
808	8.762075813	3.996328685
810	8.763688033	3.980403255
812	8.765396794	3.964561524
814	8.767341705	3.948744334
816	8.769256759	3.933008318
818	8.771342124	3.917307349
820	8.773552573	3.901555353
822	8.775795215	3.885890763
824	8.778164038	3.870168583
826	8.780661355	3.854376394
828	8.78313148	3.838652219
830	8.785680606	3.822790471
832	8.788351356	3.806888426
834	8.790994812	3.791054088
836	8.793735289	3.774990834
838	8.796406288	3.758891882
840	8.79916855	3.742897468
842	8.801924116	3.726558308
844	8.804656783	3.710262528
846	8.807367882	3.694004067
848	8.810073392	3.677389052
850	8.812748395	3.660853893
852	8.815357776	3.644259317
854	8.817886332	3.627363296
856	8.82038535	3.610541409
858	8.822832414	3.59358793
860	8.825185517	3.57639431
862	8.827447063	3.55926948
864	8.829547602	3.541923698
866	8.831535572	3.524429711
868	8.833432981	3.50699932
870	8.835056605	3.489277748
872	8.836550807	3.471494075
874	8.838013769	3.453792564
876	8.838959923	3.435756239
878	8.839883845	3.41775471
880	8.840718362	3.399813043
882	8.840958223	3.381619
884	8.841168258	3.363503385
886	8.841231018	3.34542589
888	8.840673909	3.32723833
890	8.840149243	3.309135403
892	8.83928902	3.291081791
894	8.837972843	3.273056626
896	8.836688966	3.255123068
898	8.834938222	3.237285755
900	8.832840043	3.219579146
902	8.830718238	3.201936223
904	8.82817073	3.184522973
906	8.825399565	3.167256986
908	8.822605115	3.150061357
910	8.819245928	3.133196589
912	8.81579304	3.116458654
914	8.812378669	3.099801876
916	8.808442196	3.083607948
918	8.804485328	3.067485051
920	8.80049706	3.051499329
922	8.796116312	3.035961209
924	8.791777782	3.020498076
926	8.787338291	3.005228019
928	8.782641338	2.990353433
930	8.777928736	2.975537498
932	8.773165097	2.960996353
934	8.768282142	2.946773901
936	8.763384628	2.932609644
938	8.758365962	2.918781716
940	8.753305299	2.905185614
942	8.748231081	2.891647261
944	8.743088642	2.878508102
946	8.73791704	2.865528122
948	8.73273468	2.852593397
950	8.727478041	2.840104828
952	8.722264503	2.82771244
954	8.717036231	2.815394655
956	8.711797777	2.803513428
958	8.706549892	2.791676427
960	8.701337471	2.779988478
962	8.696130075	2.768646345
964	8.69091288	2.757353841
966	8.685725361	2.746251371
968	8.6806127	2.735443227
970	8.675493462	2.724666215
972	8.670397217	2.714126068
974	8.665390179	2.703789824
976	8.660434665	2.693505138
978	8.655499111	2.683480223
980	8.650662207	2.673598749
982	8.64581847	2.663753271
984	8.641112419	2.654196503
986	8.636454722	2.644713957
988	8.631789528	2.635272846
990	8.627325337	2.626104537
992	8.62291493	2.616974171
994	8.618553014	2.607917265
996	8.614285827	2.59903146
998	8.610071595	2.590189061
1000	8.605964394	2.581434251
1002	8.602019165	2.572805136
1004	8.598068422	2.564204306
1006	8.594167147	2.555669994
1008	8.590434712	2.547213349
1010	8.586755144	2.538799182
1012	8.583127578	2.530433312
1014	8.579612916	2.522112313
1016	8.57609188	2.51382494
1018	8.572684537	2.505576274
1020	8.569330821	2.497363619
1022	8.566030719	2.489186881
1024	8.562793448	2.480980929
1026	8.559608871	2.472816648
1028	8.556479486	2.464676211
1030	8.553411917	2.456512267
1032	8.550337891	2.44838145
1034	8.547320631	2.440262476
1036	8.544364215	2.432125748
1038	8.5413423	2.424013809
1040	8.538379538	2.415895883
1042	8.535475051	2.407777803
1044	8.532505929	2.399678618
1046	8.529596676	2.391567436
1048	8.526686645	2.3834479
1050	8.523770181	2.37536128
1052	8.520912678	2.367268445
1054	8.517992235	2.359182772
1056	8.51512512	2.351132078
1058	8.512202292	2.343035573
1060	8.509274686	2.334960173
1062	8.506401189	2.326913771
1064	8.503410745	2.318831442
1066	8.500414012	2.310782019
1068	8.497472984	2.30274978
1070	8.494411975	2.294705354
1072	8.491405126	2.286689868
1074	8.488393635	2.278695478
1076	8.485319528	2.270708569
1078	8.482240076	2.262748663
1080	8.479097336	2.25480219
1082	8.475949336	2.246882739
1084	8.472796867	2.238984422
1086	8.469522554	2.231092023
1088	8.466243874	2.223220832
1090	8.463019522	2.215378388
1092	8.459671249	2.207559619
1094	8.45631797	2.199767925
1096	8.453018343	2.192010766
1098	8.449536412	2.184269959
1100	8.446048892	2.176562126
1102	8.442556557	2.168881386
1104	8.438997181	2.161249624
1106	8.43543384	2.153639096
1108	8.431863622	2.146073204
1110	8.428167342	2.138554855
1112	8.424525782	2.131065046
1114	8.420817578	2.123624262
1116	8.417042842	2.116232534
1118	8.413263749	2.108867873
1120	8.409417569	2.101558135
1122	8.405505854	2.094291655
1124	8.401649099	2.087053551
1126	8.397664973	2.079880763
1128	8.393675386	2.072746701
1130	8.389681794	2.065639663
1132	8.385615296	2.05864009
1134	8.381544945	2.051667497
1136	8.377470068	2.044727695
1138	8.373265719	2.037876628
1140	8.369057723	2.031052521
1142	8.364844023	2.02427283
1144	8.360559492	2.017588835
1146	8.356272874	2.01092008
1148	8.351976607	2.004330583
1150	8.347611207	1.99782505
1152	8.343302065	1.99134153
1154	8.338865797	1.984935078
1156	8.334480419	1.978597083
1158	8.330034445	1.972273177
1160	8.325517795	1.966050556
1162	8.320995461	1.959877847
1164	8.31652892	1.953732701
1166	8.311930566	1.947711015
1168	8.307387447	1.941722593
1170	8.302783503	1.93575401
1172	8.29816416	1.929922149
1174	8.293543482	1.92410513
1176	8.288917509	1.91833772
1178	8.284219099	1.912694391
1180	8.279520172	1.907060022
1182	8.274755605	1.901491735
1184	8.270037358	1.896037349
1186	8.265375268	1.890609912
1188	8.260589225	1.885247655
1190	8.255794419	1.879969393
1192	8.250999348	1.87469989
1194	8.246191726	1.869548951
1196	8.241378746	1.864452911
1198	8.236564957	1.85937129
1200	8.231736239	1.854431105
1202	8.226904874	1.849522552
1204	8.222072166	1.844634063
1206	8.217164495	1.839903455
1208	8.212256252	1.835187047
1210	8.207403189	1.830508474
1212	8.202477973	1.825964487
1214	8.197609892	1.821440898
1216	8.192678666	1.816971109
1218	8.187793242	1.812625272
1220	8.182906771	1.808299107
1222	8.17801362	1.804044384
1224	8.173111331	1.799884041
1226	8.168209335	1.795731742
1228	8.163297037	1.791685199
1230	8.158378236	1.787709835
1232	8.15351663	1.783754349
1234	8.148642966	1.779921608
1236	8.143765362	1.776136865
1238	8.138888166	1.772359903
1240	8.133995969	1.768734148
1242	8.129103627	1.765121808
1244	8.12426664	1.761546217
1246	8.119415994	1.758110088
1248	8.11456585	1.754681499
1250	8.109769213	1.751306658
1252	8.104904197	1.748042
1254	8.100154236	1.744796965
1256	8.095341452	1.74161046
1258	8.090577921	1.738517495
1260	8.085814932	1.735431823
1262	8.081101787	1.732433827
1264	8.076381916	1.729511642
1266	8.071663207	1.726590915
1268	8.066992526	1.723774792
1270	8.062318782	1.721000028
1272	8.057645603	1.718232331
1274	8.053018643	1.715586148
1276	8.048448103	1.712964358
1278	8.043877499	1.710355222
1280	8.039295456	1.707867074
1282	8.034770989	1.705391779
1284	8.030245269	1.702940431
1286	8.025767516	1.700593047
1288	8.021289702	1.698258123
1290	8.01686639	1.695964383
1292	8.012437047	1.693739982
1294	8.008065142	1.691528209
1296	8.003688393	1.689374304
1298	7.999306817	1.687278219
1300	7.994983811	1.685183288
1302	7.990711037	1.683169081
1304	7.98643578	1.681189823
1306	7.982217821	1.679222991
1308	7.977993228	1.677330816
1310	7.973824115	1.675468035
1312	7.969656034	1.673606011
1314	7.965480146	1.671829874
1316	7.961362042	1.670060335
1318	7.957243189	1.668308515
1320	7.953174421	1.666636986
1322	7.94916276	1.664977645
1324	7.945150309	1.663335941
1326	7.941133554	1.661745861
1328	7.937173845	1.660167905
1330	7.933210989	1.658630182
1332	7.929302201	1.657132852
1334	7.925449787	1.655653235
1336	7.921594773	1.654208104
1338	7.917737751	1.652791775
1340	7.913881645	1.651375944
1342	7.910077173	1.650022999
1344	7.906328968	1.648687657
1346	7.902525108	1.647346937
1348	7.89882934	1.646074838
1350	7.89507676	1.644808633
1352	7.891438025	1.643554487
1354	7.887794879	1.642351571
1356	7.884151981	1.641154683
1358	7.880565195	1.639975275
1360	7.876975147	1.638835739
1362	7.873385909	1.637696553
1364	7.869851563	1.636586084
1366	7.866314522	1.635509786
1368	7.862777689	1.634439446
1370	7.859296274	1.633392129
1372	7.85587024	1.632367817
1374	7.852388025	1.63134364
1376	7.848959434	1.630359346
1378	7.845586169	1.629398008
1380	7.842157897	1.628425519
1382	7.838782039	1.627504117
1384	7.835463185	1.626588741
1386	7.832088184	1.625673457
1388	7.828822377	1.62480935
1390	7.825501005	1.623939687
1392	7.82217918	1.623081494
1394	7.81896704	1.622268795
1396	7.815699348	1.621450523
1398	7.812487382	1.620649459
1400	7.809273192	1.619876681
1402	7.80606024	1.619098467
1404	7.802845642	1.618342901
1406	7.799684978	1.617621347
1408	7.79652553	1.616894339
1410	7.793364417	1.616189944
1412	7.790258337	1.615508294
1414	7.7871523	1.614832399
1416	7.784044004	1.614184693
1418	7.780935178	1.613548334
1420	7.777826973	1.6129121
1422	7.774772001	1.61231538
1424	7.771717053	1.611724376
1426	7.76866213	1.611139084
1428	7.765660388	1.610593264
1430	7.762603207	1.610041786
1432	7.759601486	1.60950735
1434	7.756596896	1.609006599
1436	7.753648874	1.608511667
1438	7.750699688	1.608033599
1440	7.747692798	1.607572239
1442	7.744742444	1.607116681
1444	7.741789779	1.606689153
1446	7.738835378	1.606284044
1448	7.735938034	1.605879125
1450	7.73303721	1.605513384
1452	7.730136353	1.605153257
1454	7.727236037	1.604793154
1456	7.724331666	1.604477779
1458	7.721483708	1.604168152
1460	7.718635696	1.603864117
1462	7.71578361	1.603604767
1464	7.712932044	1.603345405
1466	7.710135679	1.60310294
1468	7.707335795	1.602899532
1470	7.704536985	1.602690514
1472	7.701736951	1.602498207
1474	7.69893397	1.602339341
1476	7.696187268	1.602186174
1478	7.693438748	1.60205527
1480	7.690688408	1.601946617
1482	7.687937971	1.601843478
1484	7.685185139	1.601768148
1486	7.682486792	1.601715212
1488	7.679789478	1.601656628
1490	7.677088022	1.601642539
1492	7.674441575	1.60164525
1494	7.67179614	1.6016423
1496	7.66914654	1.601683808
1498	7.666552475	1.601736531
1500	7.663903162	1.601783395
1502	7.661305335	1.601880433
1504	7.658707923	1.601977351
1506	7.656109773	1.602085278
1508	7.653564211	1.602232218
1510	7.651018467	1.60238459
1512	7.648471965	1.60254795
1514	7.645978575	1.60274474
1516	7.643430543	1.602930062
1518	7.640935027	1.603154358
1520	7.638494305	1.603395388
1522	7.636053937	1.603636267
1524	7.633611037	1.603904774
1526	7.631166757	1.604189786
1528	7.628723983	1.604463524
1530	7.626332471	1.604787307
1532	7.623941291	1.605110918
1534	7.621549865	1.60543991
1536	7.619266894	1.605808054
1538	7.61692814	1.606175788
1540	7.614589699	1.606543343
1542	7.612303579	1.606949802
1544	7.610018331	1.607350529
1546	7.607731639	1.607767714
1548	7.605498959	1.60820715
1550	7.603211683	1.608635051
1552	7.601033266	1.609096548
1554	7.598797928	1.609568682
1556	7.596618873	1.610040887
1558	7.59443775	1.61053507
1560	7.592256301	1.611034598
1562	7.590130514	1.611539746
1564	7.58800264	1.612066861
1566	7.585930394	1.6125996
1568	7.583802988	1.613126321
1570	7.5817277	1.613691898
1572	7.579652632	1.614257274
1574	7.577633147	1.614828281
1576	7.575557344	1.615404328
1578	7.573536525	1.615991544
1580	7.571515326	1.616584094
1582	7.569548497	1.617193354
1584	7.567527113	1.617791035
1586	7.565559498	1.618410961
1588	7.563646799	1.61904207
1590	7.561734274	1.619672983
1592	7.55982075	1.620314759
1594	7.557906226	1.620967396
1596	7.55599246	1.621614301
1598	7.554132386	1.622283459
1600	7.552271882	1.622957947
1602	7.550412121	1.623626708
1604	7.548550754	1.624311849
1606	7.546744798	1.62500267
1608	7.544883734	1.62568741
1610	7.543132135	1.626394772
1612	7.541325427	1.627096052
1614	7.539573503	1.62780855
1616	7.537765301	1.628526003
1618	7.536012458	1.629249155
1620	7.534259151	1.629977633
1622	7.532561179	1.630711821
1624	7.530807527	1.631445428
1626	7.529108606	1.632190271
1628	7.527354016	1.632934523
1630	7.525654735	1.633684496
1632	7.52400956	1.634451235
1634	7.522308718	1.635217374
1636	7.520663747	1.63598373
1638	7.519016503	1.636771962
1640	7.517369949	1.637554484
1642	7.515723493	1.638336814
1644	7.51413109	1.639135925
1646	7.512483633	1.639928899
1648	7.510891406	1.640727631
1650	7.509297478	1.641542713
1652	7.507703634	1.642357604
1654	7.506109872	1.643172304
1656	7.504514403	1.644003347
1658	7.50297472	1.644834654
1660	7.501379409	1.645665312
1662	7.49983808	1.646512771
1664	7.498242326	1.647348552
1666	7.496699944	1.648206647
1668	7.495212112	1.649076047
1670	7.493669259	1.64993927
1672	7.492180346	1.65081931
1674	7.490637021	1.651687658
1676	7.489148223	1.652567321
1678	7.487657078	1.653468819
1680	7.486110333	1.654369621
1682	7.484619296	1.655270733
1684	7.483126505	1.656188166
1686	7.481689403	1.657105924
1688	7.480196708	1.658022973
1690	7.478757279	1.658962366
1692	7.477262867	1.659895536
1694	7.475822914	1.660840049
1696	7.474381186	1.661800875
1698	7.472939492	1.662761507
1700	7.471496018	1.663738448
1702	7.47005197	1.664720692
1704	7.468608559	1.66569724
1706	7.467217743	1.66670165
1708	7.465771964	1.667699802
1710	7.46432682	1.668692256
1712	7.462933034	1.66972357
1714	7.461594232	1.670760767
1716	7.460200471	1.671791694
1718	7.458804291	1.672844408
1720	7.457408122	1.673896923
1722	7.456011965	1.674949239
1724	7.454668325	1.676029433
1726	7.453269743	1.677103328
1728	7.451924884	1.678194117
1730	7.450577577	1.679306683
1732	7.449230875	1.680413556
1734	7.447882944	1.681531214
1736	7.446533167	1.682665149
1738	7.445184606	1.683787896
1740	7.443887266	1.684949526
1742	7.442534383	1.686110307
1744	7.441236388	1.687277028
1746	7.439881011	1.688459357
1748	7.438579894	1.689653122
1750	7.437279364	1.690841194
1752	7.435974492	1.692067485
1754	7.434724467	1.693299739
1756	7.433419523	1.69452562
1758	7.432166946	1.695779424
1760	7.430859454	1.69702684
1762	7.429605551	1.69829121
1764	7.428349121	1.699577322
1766	7.42709326	1.700857742
1768	7.425834865	1.702159899
1770	7.424574551	1.703478302
1772	7.423370267	1.704791743
1774	7.422107345	1.706131668
1776	7.420898575	1.707483091
1778	7.419635523	1.708822594
1780	7.418477701	1.710212741
1782	7.417264967	1.711596446
1784	7.416052781	1.712974461
1786	7.414890332	1.714402378
1788	7.413729042	1.71581913
1790	7.412567035	1.717241162
1792	7.411401173	1.718695877
1794	7.410235839	1.720144906
1796	7.409069152	1.721604689
1798	7.407954017	1.723097954
1800	7.406839399	1.724585541
1802	7.405722149	1.726094845
1804	7.404602891	1.727620386
1806	7.403483513	1.729145724
1808	7.402361488	1.730692771
1810	7.401293482	1.732251415
1812	7.400225345	1.733809865
1814	7.399153272	1.735400984
1816	7.398080426	1.736997382
1818	7.397007438	1.738593581
1820	7.395985257	1.740228794
1822	7.394962286	1.741869294
1824	7.393939795	1.743504127
1826	7.392968077	1.745177998
1828	7.391941441	1.746845306
1830	7.390968751	1.748524284
1832	7.389992694	1.750230453
1834	7.389016461	1.751936438
1836	7.38803813	1.753658661
1838	7.38711243	1.755403533
1840	7.386131808	1.757141811
1842	7.385203804	1.758902749
1844	7.384328404	1.760686363
1846	7.38339872	1.762457901
1848	7.382519695	1.764268544
1850	7.381639814	1.766084494
1852	7.38076037	1.767894806
1854	7.379930903	1.769749722
1856	7.379101213	1.771604483
1858	7.378271947	1.773453618
1860	7.377492626	1.775347385
1862	7.37665966	1.77722357
1864	7.37587987	1.779117044
1866	7.375096587	1.781037726
1868	7.374313061	1.782958263
1870	7.373582685	1.784896121
1872	7.372850099	1.786850257
1874	7.372117258	1.788804261
1876	7.371436892	1.790781088
1878	7.370698949	1.792773118
1880	7.370016744	1.794760638
1882	7.369385678	1.796781954
1884	7.36869899	1.798802055
1886	7.368067372	1.800823152
1888	7.367486867	1.802878079
1890	7.366850732	1.804931781
1892	7.366270315	1.806981049
1894	7.365685644	1.809063033
1896	7.365156022	1.811146081
1898	7.364570763	1.813227887
1900	7.364091246	1.815350219
1902	7.363556746	1.817465841
1904	7.363075954	1.819593507
1906	7.362592188	1.82174298
1908	7.362108776	1.823886923
1910	7.36167839	1.826048416
1912	7.361245682	1.828226263
1914	7.360813991	1.830393128
1916	7.360433973	1.832588518
1918	7.360052287	1.83479481
1920	7.359671616	1.836990134
1922	7.3593426	1.839214024
1924	7.359067923	1.841444633
1926	7.358738241	1.843668498
1928	7.358460873	1.845915501
1930	7.358183166	1.848162504
1932	7.357905799	1.850404039
1934	7.3576787	1.852685155
1936	7.357451934	1.854960821
1938	7.357279497	1.857243297
1940	7.357104675	1.859542208
1942	7.356930866	1.861830218
1944	7.356754667	1.864134664
1946	7.356632108	1.866451437
1948	7.356563873	1.868775098
1950	7.356439929	1.871097448
1952	7.356423614	1.87344449
1954	7.356353641	1.87577382
1956	7.356336621	1.878121022
1958	7.356318561	1.880473777
1960	7.356356203	1.882822568
1962	7.356336747	1.885180969
1964	7.356371617	1.887546359
1966	7.356406824	1.889906382
1968	7.356548973	1.892296754
1970	7.356636084	1.894680333
1972	7.356778915	1.897060032
1974	7.356919315	1.899456274
1976	7.357115443	1.90184867
1978	7.357255139	1.904245194
1980	7.357503872	1.906655799
1982	7.35769756	1.909059594
1984	7.357945598	1.911470533
1986	7.35819329	1.913881643
1988	7.358495339	1.91629993
1990	7.358797045	1.918718406
1992	7.359153118	1.921144093
1994	7.359455549	1.923552012
1996	7.359810945	1.9259781
1998	7.360221425	1.928405972
2000	7.360576855	1.930827009
